examples/antigravity/vite.config.ts
  ai_agent 1-19
crates/monty/src/run.rs
  ai_agent 313-314,316-326
examples/antigravity/.gitignore
  ai_agent 1-3
Cargo.lock
  ai_agent 47,49,77,79,122,124,166,168,190,192,199,201,205,207,211,240,256,261,263,267,269,277,279,285,297,309-314,317,319,350,352,356,358,383,385,389,394,396,400,402,412,414,438,440,447,449,465,467,492,494,510,512,516,518,521,539,541,590,592,600,602,604,612,614,619,624,626,657,659,664,667,675,677,690,692,725,727,750,752,773,775,790,792,815,817,833,835,842,844,895,897,905,907,914,916,923,925,945,947,951,953,965,967,992,994,998,1000,1004,1015,1037,1039,1043,1060,1062,1115,1136,1138,1170,1172,1187,1189,1197,1199,1221,1223,1226,1281,1283,1296,1298,1306,1308,1312,1314,1323,1325,1329,1331,1335,1340,1342,1346,1348,1352,1354,1385,1396,1414,1416,1459,1461,1511,1513,1522,1524,1526,1551,1553,1575,1577,1595,1597,1614,1616,1653,1696,1698,1710,1712,1723,1725,1737,1739,1743,1745,1747,1758,1760,1764,1766,1806,1808,1811,1845,1847,1863,1865,1900,1902,1906,1908,1913,1962,1964,1968,1970,2008,2027,2032,2034,2036,2042,2044,2046-2047,2090,2092,2096,2098,2134,2136,2140,2142,2155,2157,2174,2219,2233,2256,2258,2269,2294,2296,2306,2308,2312,2314,2338,2346-2354,2362,2364,2478,2518,2636,2647,2649,2651,2654,2664,2666,2670,2672,2679,2684,2686,2692,2697,2699,2730,2738,2740,2742,2765,2767,2776,2778,2792,2794,2819,2821,2907,2915,2917,2940,3023,3037,3039,3043,3045,3077,3079,3096,3098,3158,3174,3176,3206,3220,3225,3227,3348,3360,3394,3396,3402,3431,3433,3457,3490,3492,3501,3503,3511,3513,3546,3575,3577,3599,3604,3606,3616,3618,3627,3629,3633,3635,3637,3683,3730,3774,3793,3811,3845,3857,3879,3932,3934,3938,3940,3963,3965,3967,3986,3988,4013,4015,4050,4052,4062,4064,4072,4090,4092,4104,4135,4168,4187,4189,4193,4195,4203,4205,4212,4214,4218,4223,4225,4245,4247,4276,4278,4292,4294,4320,4322,4329,4331,4335,4337,4341,4343,4411,4413,4448,4460,4477,4479,4489,4491,4500,4502,4511,4513,4537,4548,4550,4554,4556,4559,4567,4569,4573,4575,4582,4584,4588,4602,4604,4609,4615,4617,4621,4623,4641,4643,4656,4658,4672,4674,4678,4683,4685,4720,4722,4744,4746,4753,4755,4778,4821,4896,4948,4952,4978,5072,5074,5084,5086,5099,5101,5140,5181,5183,5228,5230,5232,5237,5239,5250,5252,5260,5262,5270,5272,5277,5283,5285,5318,5326,5328,5359,5364,5366,5423,5434,5628,5630,5638,5648,5654-5659,5681,5697,5709,5741,5743,5779,5785,5787,5794,5796,5800,5820,5832,5834,5843,5845,5854,5856,5860,5897,5899,5922,5924
crates/monty-js/src/pool.rs
  ai_agent 1075
examples/antigravity/style.css
  ai_agent 1-134
crates/monty/Cargo.toml
  ai_agent 52
docs/limitations/sys.md
  ai_agent 10-20,24-61,68-71,74,78-90
docs/quickstart/javascript.md
  ai_agent 307-308
crates/monty/src/intern.rs
  ai_agent 264-333
examples/antigravity/antigravity.py
  ai_agent 1-60
examples/antigravity/main.ts
  ai_agent 1-188
examples/antigravity/package.json
  ai_agent 1-25
docs/examples.md
  ai_agent 93,106-111
crates/monty/src/dump_format.rs
  ai_agent 200
crates/monty-typeshed/custom/sys.pyi
  ai_agent 10-11,13-33,57-162
crates/monty/src/modules/sys.rs
  ai_agent 3-11,18-19,30,34-77,100-101,103-131,137-151,168-169,171-218,220-221,223-289
examples/antigravity/index.html
  ai_agent 1-40
crates/monty-type-checking/tests/good_types.py
  ai_agent 384-390
crates/monty/test_cases/hash__ops.py
  ai_agent 163-171
crates/monty-type-checking/tests/bad_types.py
  ai_agent 136
examples/antigravity/tsconfig.json
  ai_agent 1-13
examples/antigravity/README.md
  ai_agent 1-56
examples/antigravity/antigravity.svg
  ai_agent 1-20
docs/limitations/modules.md
  ai_agent 7-14
docs/limitations/builtins.md
  ai_agent 46-55
crates/monty/test_cases/import__sys.py
  ai_agent 48-128
crates/monty-typeshed/vendor/typeshed/stdlib/sys.pyi
  ai_agent 10-11,13-33,57-162
crates/monty/test_cases/import__sys_monty.py
  ai_agent 29-104
crates/monty-type-checking/tests/snapshots/main__type_bad_types.snap
  ai_agent 29
---
{
  "schema_version": "authorship/3.0.0",
  "git_ai_version": "1.5.2",
  "base_commit_sha": "82dea16a29a5705d880883abdc9f59727f701d20",
  "prompts": {}
}